% January 23, 2013 

I had issues with spectral experts even without bias (this is at a second stage of the pipeline).

Also EM works considerably better without the bias term (expected), but still poorly enough that we could have a contribution.

results/mlr-nb-1-1-10.txt 1.860960 (+/- 0.922476)
results/mlr-nb-1-1-3.txt 1.161595 (+/- 0.000022)
results/mlr-nb-1-1-5.txt 1.024430 (+/- 0.814914)
results/mlr-nb-1-2-10.txt 1.425025 (+/- 0.511702)
results/mlr-nb-1-2-3.txt 0.202737 (+/- 0.226235)
results/mlr-nb-1-2-5.txt 1.150565 (+/- 0.620777)
results/mlr-nb-1-3-10.txt 1.605135 (+/- 0.716788)
results/mlr-nb-1-3-3.txt 0.000000 (+/- 0.000000)
results/mlr-nb-1-3-5.txt 1.314115 (+/- 0.786377)
results/mlr-nb-2-1-10.txt 1.696750 (+/- 0.294150)
results/mlr-nb-2-1-3.txt 0.000200 (+/- 0.000000)
results/mlr-nb-2-1-5.txt 0.331010 (+/- 0.787010)
results/mlr-nb-2-2-10.txt 3.477310 (+/- 0.756137)
results/mlr-nb-2-2-3.txt 0.167070 (+/- 0.214771)
results/mlr-nb-2-2-5.txt 1.803765 (+/- 0.895339)
results/mlr-nb-2-3-10.txt 4.527185 (+/- 0.984300)
results/mlr-nb-2-3-3.txt 1.631455 (+/- 1.528084)
results/mlr-nb-2-3-5.txt 1.457115 (+/- 1.048407)
results/mlr-nb-3-1-10.txt 0.295040 (+/- 0.619916)
results/mlr-nb-3-1-3.txt 0.083737 (+/- 0.354417)
results/mlr-nb-3-1-5.txt 0.321955 (+/- 0.791770)
results/mlr-nb-3-2-10.txt 3.023864 (+/- 0.958537)
results/mlr-nb-3-2-3.txt 0.667075 (+/- 0.478916)
results/mlr-nb-3-2-5.txt 2.335970 (+/- 1.540780)
results/mlr-nb-3-3-10.txt 7.946350 (+/- 1.384096)
results/mlr-nb-3-3-3.txt 2.592915 (+/- 1.753818)
results/mlr-nb-3-3-5.txt 4.404655 (+/- 1.616116)

There is an annoying bug:

## K = 2, D = 3, betas = eye
 0.500   0.000   0.000 | 0.498   0.001   0.000
 0.000   0.500   0.000 | 0.001   0.503  -0.001
 0.000   0.000   0.000 | 0.000  -0.001   0.001

Pairs: 0.0037809915725133766
TriplesT: 0.010083412765068266

## K = 2, D = 3, betas = random

 1.606   1.668   1.386  |  1.595   1.675   1.386
 1.668   1.951   0.954  |  1.675   1.978   0.951
 1.386   0.954   2.275  |  1.386   0.951   2.278

Pairs: 0.030819786631804555
TriplesT: 2.3400587955938845

 0.226  -0.246   0.201 |  0.228  -0.247   0.203
-0.246   0.278  -0.273 | -0.247   0.277  -0.272
 0.201  -0.273   0.454 |  0.203  -0.272   0.452

Pairs: 0.004946319000470709
TriplesT: 0.12297164775877678

## K = 2, D = 1, betas = eye, with bias

 0.500   0.000 |  0.544  -0.020
 0.000   0.500 | -0.020   0.496

Pairs: 0.052747992264625905
TriplesT: 0.0633973020256038

 0.500   0.000 |  0.536  -0.001
 0.000   0.500 | -0.001   0.500

Pairs: 0.03639036113641381
TriplesT: 0.9381761297369856

## K = 2, D = 1, betas = random, with bias

 0.533   0.171  |  0.554   0.167
 0.171   0.814  |  0.167   0.813

Pairs: 0.021765266678661417
TriplesT: 0.07246473318602963

 0.460   0.536 |  0.179   0.549
 0.536   1.494 |   0.549   1.504

 0.064  -0.367 | -0.035  -0.352
-0.367   2.258 |  -0.352   2.253

Pairs: 0.2818406495880283
TriplesT: 1.118287021084461

## K = 2, D = 3, betas = random, with bias

 0.087  -0.218   0.016  -0.109
-0.218   1.030   0.553  -0.187
 0.016   0.553   0.725  -0.580
-0.109  -0.187  -0.580   0.571

-0.280  -0.214   0.032  -0.097
-0.214   1.024   0.556  -0.184
 0.032   0.556   0.738  -0.578
-0.097  -0.184  -0.578   0.580

Pairs: 0.3684474769309206
TriplesT: 4.232052637294791

